NAME : RealWorldPostToy_20_0
COMMENT : Toy 5 postmen Max route 31304=2159976s=6h
TYPE : Distance-Constrained-VRP
DIMENSION : 20
MAX_VEHICLES : 5
MAX_ALLOWED_ROUTE : 21599760000
EDGE_WEIGHT_TYPE : EXPLICIT
EDGE_WEIGHT_FORMAT : FULL_MATRIX
DISPLAY_DATA_TYPE : TWOD_DISPLAY
EDGE_WEIGHT_SECTION
0000000
605716894
611193424
1290514553
782755824
2339518744
1189556219
1620261821
1530474271
984158028
661512733
1422591189
1191686052
1750457610
1246224044
1143347662
938474331
1155303351
993614424
681678557
608451846

605716894
0000000
20656530
1840268945
478206447
2746733983
664789857
1527406339
1395574454
1533912420
97445062
1323206278
981408846
2300212002
1789379569
1043962750
683126249
806606948
1581960037
257287667
766200567

611193424
20656530
0000000
1845745475
483682977
2741257453
659313327
1521929809
1390097924
1539388950
91968531
1317729748
986885377
2305688532
1794856100
1038486220
677649719
801130418
1587436567
262764197
760724037

1290514553
1840268945
1845745475
0000000
1844803145
1138723034
2423874670
2853929528
2765026322
402917619
1883740164
2657143240
1795696743
572891994
544828418
2377899713
2173026382
2054437592
416368204
1878828637
1785289956

782755824
478206447
483682977
1844803145
0000000
2893807336
870139043
1944421526
1812589640
1538446620
436557639
1740221464
581555915
2304746202
1736849844
1460977937
1122052428
449880219
1586494237
290273610
1168816334

2339518744
2746733983
2741257453
1138723034
2893807336
0000000
3259212609
3487165535
3476336679
1515478752
2800876798
3374965745
2817070975
677229290
1331379386
3158684019
3008130721
3102767494
1437287533
2927832828
2503680929

1189556219
664789857
659313327
2423874670
870139043
3259212609
0000000
1275030108
1143198222
2117518146
583501022
1070830046
1343027497
2883817727
2372985295
791586519
430750017
1055913841
2165565763
590278266
818742542

1620261821
1527406339
1521929809
2853929528
1944421526
3487165535
1275030108
0000000
197264178
2524948678
1581549154
207650062
2424805310
3313872585
2803924496
486893589
851624858
2288581642
2513267765
1756129254
1078066518

1530474271
1395574454
1390097924
2765026322
1812589640
3476336679
1143198222
197264178
0000000
2458669797
1449717268
137111925
2292973425
3224969379
2714136947
415173747
719792972
2156749756
2502438909
1624297368
1067237662

984158028
1533912420
1539388950
402917619
1538446620
1515478752
2117518146
2524948678
2458669797
0000000
1577383639
2350786715
1553476968
958936873
586969965
2071543188
1866669857
1748081067
368556523
1572472112
1464079034

661512733
97445062
91968531
1883740164
436557639
2800876798
583501022
1581549154
1449717268
1577383639
0000000
1377349092
969847752
2343683221
1832850789
1098105565
737269064
712611886
1625431256
188425193
820343381

1422591189
1323206278
1317729748
2657143240
1740221464
3374965745
1070830046
207650062
137111925
2350786715
1377349092
0000000
2220605248
3117086297
2606253865
294423527
647424796
2084381580
2398834332
1551929192
965866729

1191686052
981408846
986885377
1795696743
581555915
2817070975
1343027497
2424805310
2292973425
1553476968
969847752
2220605248
0000000
2228009840
1590358823
1941361721
1602436212
496800094
1656611123
823563723
1649200118

1750457610
2300212002
2305688532
572891994
2304746202
677229290
2883817727
3313872585
3224969379
958936873
2343683221
3117086297
2228009840
0000000
753132682
2837842769
2632969438
2513706359
980699878
2338771693
2245233012

1246224044
1789379569
1794856100
544828418
1736849844
1331379386
2372985295
2803924496
2714136947
586969965
1832850789
2606253865
1590358823
753132682
0000000
2327010337
2122137006
1878903438
841871915
1827939261
1745572785

1143347662
1043962750
1038486220
2377899713
1460977937
3158684019
791586519
486893589
415173747
2071543188
1098105565
294423527
1941361721
2837842769
2327010337
0000000
368181268
1805138053
2119590805
1272685665
714262436

938474331
683126249
677649719
2173026382
1122052428
3008130721
430750017
851624858
719792972
1866669857
737269064
647424796
1602436212
2632969438
2122137006
368181268
0000000
1444301552
1914717474
922244257
557032560

1155303351
806606948
801130418
2054437592
449880219
3102767494
1055913841
2288581642
2156749756
1748081067
712611886
2084381580
496800094
2513706359
1878903438
1805138053
1444301552
0000000
1796128684
638013370
1529505268

993614424
1581960037
1587436567
416368204
1586494237
1437287533
2165565763
2513267765
2502438909
368556523
1625431256
2398834332
1656611123
980699878
841871915
2119590805
1914717474
1796128684
0000000
1620519729
1452398121

681678557
257287667
262764197
1878828637
290273610
2927832828
590278266
1756129254
1624297368
1572472112
188425193
1551929192
823563723
2338771693
1827939261
1272685665
922244257
638013370
1620519729
0000000
980524062

608451846
766200567
760724037
1785289956
1168816334
2503680929
818742542
1078066518
1067237662
1464079034
820343381
965866729
1649200118
2245233012
1745572785
714262436
557032560
1529505268
1452398121
980524062
0000000

DISPLAY_DATA_SECTION
0 5014 3585
1 5640 3371
2 5656 3364
3 3544 3562
4 5630 2825
5 2113 3955
6 6342 3625
7 6848 4876
8 6757 4691
9 3972 3455
10 5725 3294
11 6609 4704
12 5447 2129
13 2937 3634
14 3602 2952
15 6316 4424
16 6090 4064
17 5872 2381
18 4039 3829
19 5750 3113
20 5520 4191
DEPOT_SECTION
0
-1

EOF