NAME : RioClaroPostToy_20_1
COMMENT : Toy. 15 postmen. Max route 24379=21599.79s=6h.
TYPE : Distance-Constrained-VRP
DIMENSION : 20
MAX_VEHICLES : 15
MAX_ALLOWED_ROUTE : 21599.794
EDGE_WEIGHT_TYPE : EXPLICIT
EDGE_WEIGHT_FORMAT : FULL_MATRIX
DISPLAY_DATA_TYPE : TWOD_DISPLAY
EDGE_WEIGHT_SECTION
0.000
3557.962
2125.794
428.422
649.344
1586.958
2847.616
2953.206
2167.156
327.384
1769.934
2416.208
2897.757
3359.894
2728.726
4973.885
3480.721
4294.623
4938.655
6073.639
2850.291

3557.962
0.000
4248.726
3233.838
3809.870
3696.658
2882.599
2484.726
3236.893
3234.121
4842.353
4434.954
4637.296
4232.963
3171.928
6792.031
5217.169
5908.177
3903.456
6831.684
4513.283

2125.794
4248.726
0.000
2332.418
1516.505
3680.804
1971.606
2077.196
1291.146
2421.230
1407.407
470.420
1514.563
2479.713
1852.715
3095.629
2097.526
2937.529
6453.785
5136.066
1505.967

428.422
3233.838
2332.418
0.000
866.582
1430.868
2547.316
2652.907
1866.857
171.294
2034.680
2622.832
2960.933
3059.595
2428.426
5115.669
3540.806
4321.745
4722.444
5845.996
2836.920

649.344
3809.870
1516.505
866.582
0.000
2204.354
2316.763
2422.353
1636.303
944.780
1324.731
1806.919
2288.468
2829.041
2197.873
4364.596
2871.432
3685.334
5447.055
5542.786
2241.002

1586.958
3696.658
3680.804
1430.868
2204.354
0.000
3582.605
3622.519
2942.468
1263.118
3324.944
3971.218
4273.726
4167.675
3496.486
6428.461
4853.599
5634.538
4408.358
7108.805
4149.713

2847.616
2882.599
1971.606
2547.316
2316.763
3582.605
0.000
460.719
684.004
2715.066
3193.508
1882.065
1914.552
1393.430
619.038
4171.898
2448.995
3068.644
5619.644
3992.151
1754.997

2953.206
2484.726
2077.196
2652.907
2422.353
3622.519
460.719
0.000
789.594
2820.656
3299.099
1987.655
2189.997
1823.900
724.629
4344.732
2769.869
3499.114
5297.786
4422.620
2065.984

2167.156
3236.893
1291.146
1866.857
1636.303
2942.468
684.004
789.594
0.000
2034.606
2513.049
1330.053
1532.394
1274.679
565.647
3687.130
2112.267
2893.207
5472.909
4208.791
1408.381

327.384
3234.121
2421.230
171.294
944.780
1263.118
2715.066
2820.656
2034.606
0.000
2065.370
2711.644
3128.683
3227.345
2596.176
5269.321
3708.556
4489.495
4614.815
6013.746
3004.670

1769.934
4842.353
1407.407
2034.680
1324.731
3324.944
3193.508
3299.099
2513.049
2065.370
0.000
1710.741
2896.295
3705.787
3074.618
3943.993
3479.259
4116.146
6662.164
6419.531
2887.699

2416.208
4434.954
470.420
2622.832
1806.919
3971.218
1882.065
1987.655
1330.053
2711.644
1710.741
0.000
1263.931
2229.081
1602.732
2669.075
1846.894
2663.329
6706.376
4885.434
1255.335

2897.757
4637.296
1514.563
2960.933
2288.468
4273.726
1914.552
2189.997
1532.394
3128.683
2896.295
1263.931
0.000
1147.947
1619.695
2586.788
593.297
1468.594
6908.718
3804.300
179.047

3359.894
4232.963
2479.713
3059.595
2829.041
4167.675
1393.430
1823.900
1274.679
3227.345
3705.787
2229.081
1147.947
0.000
1153.293
3173.600
1061.281
1694.010
6734.254
2979.676
988.392

2728.726
3171.928
1852.715
2428.426
2197.873
3496.486
619.038
724.629
565.647
2596.176
3074.618
1602.732
1619.695
1153.293
0.000
3774.430
2199.567
2834.896
5702.274
3933.541
1495.681

4973.885
6792.031
3095.629
5115.669
4364.596
6428.461
4171.898
4344.732
3687.130
5269.321
3943.993
2669.075
2586.788
3173.600
3774.430
0.000
2169.519
2723.087
9063.453
5487.669
2746.343

3480.721
5217.169
2097.526
3540.806
2871.432
4853.599
2448.995
2769.869
2112.267
3708.556
3479.259
1846.894
593.297
1061.281
2199.567
2169.519
0.000
878.841
7488.590
3327.491
742.972

4294.623
5908.177
2937.529
4321.745
3685.334
5634.538
3068.644
3499.114
2893.207
4489.495
4116.146
2663.329
1468.594
1694.010
2834.896
2723.087
878.841
0.000
8269.530
3318.656
1549.170

4938.655
3903.456
6453.785
4722.444
5447.055
4408.358
5619.644
5297.786
5472.909
4614.815
6662.164
6706.376
6908.718
6734.254
5702.274
9063.453
7488.590
8269.530
0.000
9458.143
6784.704

6073.639
6831.684
5136.066
5845.996
5542.786
7108.805
3992.151
4422.620
4208.791
6013.746
6419.531
4885.434
3804.300
2979.676
3933.541
5487.669
3327.491
3318.656
9458.143
0.000
3644.745

2850.291
4513.283
1505.967
2836.920
2241.002
4149.713
1754.997
2065.984
1408.381
3004.670
2887.699
1255.335
179.047
988.392
1495.681
2746.343
742.972
1549.170
6784.704
3644.745
0.000

DISPLAY_DATA_SECTION
0 5215 5704
1 4532 2363
2 6959 5706
3 5247 5351
4 5827 5690
5 4419 5940
6 6939 3805
7 6552 3699
8 6818 4360
9 5072 5423
10 6333 6853
11 7371 5697
12 8124 4919
13 8151 3909
14 7090 3989
15 8484 6440
16 8718 4739
17 9567 4710
18 1498 3755
19 10595 2553
20 8077 4745
DEPOT_SECTION
0
-1

EOF